step,loss,step_s,forward_s,backward_s,optimizer_s
1,10.454571,0.400960,0.168349,0.191263,0.041164
2,10.428206,0.283175,0.089271,0.174393,0.019072
3,10.403502,0.285678,0.090581,0.175631,0.019117
4,10.343722,0.285052,0.090379,0.174799,0.019461
5,10.370651,0.282843,0.089504,0.173711,0.019255
6,10.344999,0.285429,0.090369,0.175540,0.019151
7,10.282759,0.284680,0.090452,0.174506,0.019271
8,10.286240,0.284273,0.089430,0.175398,0.019087
9,10.230694,0.284749,0.090119,0.174850,0.019360
10,10.158846,0.283266,0.089274,0.174477,0.019156
11,10.156400,0.282630,0.089380,0.173728,0.019148
12,10.095430,0.283107,0.088538,0.174882,0.019291
13,10.062134,0.283511,0.090276,0.173676,0.019167
14,10.009931,0.285135,0.090746,0.174915,0.019120
15,9.997706,0.284547,0.089670,0.175432,0.019102
16,9.964210,0.283466,0.089491,0.174500,0.019083
17,9.922677,0.285416,0.090618,0.175322,0.019084
18,9.870775,0.285595,0.090757,0.175236,0.019218
19,9.814048,0.283515,0.089647,0.174439,0.019084
20,9.806087,0.285148,0.090621,0.175068,0.019108
21,9.715062,0.284102,0.089295,0.175255,0.019172
22,9.688343,0.284689,0.089676,0.174741,0.019684
23,9.647635,0.283647,0.089099,0.174953,0.019144
24,9.679619,0.285103,0.090407,0.175139,0.019202
25,9.601407,0.283512,0.089746,0.174269,0.019107
26,9.562969,0.286094,0.090644,0.175709,0.019332
27,9.540227,0.284335,0.090023,0.174685,0.019240
28,9.511755,0.283654,0.088731,0.175393,0.019155
29,9.501575,0.286152,0.091385,0.174866,0.019496
30,9.480721,0.284194,0.089546,0.174983,0.019267
31,9.408325,0.283412,0.089454,0.174358,0.019255
32,9.376149,0.285124,0.089698,0.175933,0.019100
33,9.394001,0.283550,0.088180,0.175693,0.019289
34,9.363192,0.284586,0.089601,0.175525,0.019108
35,9.368000,0.285853,0.090275,0.176027,0.019164
36,9.322076,0.283845,0.089809,0.174542,0.019109
37,9.321482,0.283483,0.089431,0.174507,0.019201
38,9.292927,0.285877,0.090354,0.176024,0.019118
39,9.258308,0.285061,0.090401,0.175078,0.019206
40,9.237736,0.283812,0.089642,0.174520,0.019273
41,9.219804,0.286961,0.090490,0.176557,0.019454
42,9.225539,0.285674,0.090163,0.175902,0.019211
43,9.216773,0.284123,0.089606,0.174972,0.019157
44,9.198486,0.283560,0.089008,0.175083,0.019084
45,9.175882,0.287035,0.091194,0.175885,0.019520
46,9.166548,0.284096,0.089620,0.174860,0.019216
47,9.146496,0.285383,0.090871,0.175074,0.019056
48,9.131880,0.286241,0.090415,0.176336,0.019140
49,9.132536,0.285091,0.089968,0.175629,0.019106
50,9.133419,0.284870,0.089971,0.175181,0.019298
51,9.100480,0.285687,0.090742,0.175451,0.019126
52,9.120264,0.284053,0.089790,0.174625,0.019246
53,9.103884,0.283518,0.089764,0.174222,0.019182
54,9.093086,0.283691,0.088640,0.175430,0.019230
55,9.104852,0.284231,0.090568,0.174215,0.019084
56,9.077144,0.284825,0.090364,0.174976,0.019096
57,9.039192,0.286737,0.090475,0.176612,0.019277
58,9.029606,0.284352,0.089990,0.174909,0.019102
59,9.049997,0.284881,0.088822,0.176091,0.019538
60,9.006950,0.286348,0.091547,0.175228,0.019188
61,12.551388,0.285077,0.090315,0.175136,0.019250
62,12.253648,0.284281,0.090003,0.174752,0.019138
63,11.858384,0.285512,0.091121,0.174841,0.019163
64,11.460752,0.283730,0.088540,0.175677,0.019162
65,11.048369,0.284625,0.090452,0.174556,0.019184
66,9.089850,0.285074,0.091150,0.174457,0.019118
67,9.038486,0.285502,0.090252,0.175818,0.019050
68,9.104443,0.284349,0.089847,0.175009,0.019134
69,9.097023,0.285987,0.091311,0.175198,0.019089
70,9.124382,0.285794,0.090507,0.175036,0.019718
71,9.078766,0.284165,0.089982,0.174551,0.019224
72,9.059146,0.284644,0.090169,0.175025,0.019096
73,9.037254,0.286996,0.090621,0.176737,0.019265
74,9.059425,0.284045,0.088193,0.176384,0.019122
75,9.035674,0.284141,0.089604,0.175071,0.019074
76,9.043240,0.286833,0.090586,0.176475,0.019387
77,9.023599,0.284296,0.089990,0.174684,0.019140
78,9.023129,0.284663,0.089752,0.175331,0.019221
79,9.021282,0.286079,0.090677,0.175758,0.019299
80,9.037796,0.285535,0.090849,0.175246,0.019088
81,9.016232,0.284451,0.089609,0.175241,0.019208
82,9.028687,0.286367,0.091073,0.175471,0.019384
83,9.006081,0.286649,0.090098,0.176931,0.019239
84,9.004149,0.284593,0.089975,0.175034,0.019237
85,9.028068,0.285282,0.089803,0.175803,0.019293
86,9.006833,0.286312,0.090833,0.175834,0.019261
87,9.000949,0.285823,0.090359,0.175849,0.019222
88,8.982820,0.284878,0.090022,0.175311,0.019168
89,9.024757,0.286125,0.091156,0.175574,0.019017
90,8.975754,0.285956,0.090975,0.175496,0.019131
91,8.972376,0.284739,0.089878,0.175207,0.019263
92,8.955653,0.284725,0.090024,0.175282,0.019032
93,8.965483,0.286901,0.090804,0.176405,0.019253
94,8.982337,0.284939,0.090239,0.175091,0.019224
95,9.010531,0.285278,0.090091,0.175648,0.019161
96,8.988731,0.286487,0.090989,0.175938,0.019170
97,8.991879,0.286115,0.090473,0.176204,0.019058
98,8.981848,0.286061,0.089962,0.176602,0.019121
99,8.986910,0.282435,0.087134,0.175699,0.019217
100,8.982312,0.285166,0.090401,0.175268,0.019149
101,8.950130,0.284039,0.089396,0.175208,0.019052
102,8.961171,0.285146,0.090250,0.175404,0.019126
103,8.974692,0.285499,0.089565,0.176403,0.019093
104,8.962147,0.283773,0.089458,0.174749,0.019219
105,8.958615,0.283656,0.089085,0.175109,0.019073
106,8.948697,0.284149,0.089283,0.175408,0.019081
107,8.967200,0.283129,0.088523,0.175032,0.019226
108,8.948873,0.286356,0.089778,0.176604,0.019460
109,8.958182,0.285592,0.090079,0.176066,0.018891
110,8.961209,0.284255,0.089387,0.175450,0.019065
111,8.949868,0.284810,0.090929,0.174461,0.019073
112,8.952376,0.284703,0.089416,0.175845,0.019050
113,8.958164,0.283084,0.088624,0.174922,0.019161
114,8.950929,0.285280,0.089521,0.176255,0.019157
115,8.946268,0.283000,0.086634,0.176418,0.019544
116,8.919115,0.284143,0.089354,0.175422,0.019012
117,8.935334,0.285427,0.089784,0.176214,0.019062
118,8.956973,0.284376,0.089652,0.175148,0.019193
119,8.926943,0.283771,0.089604,0.174763,0.019057
120,8.937790,0.285949,0.089725,0.176584,0.019250
121,8.957296,0.284388,0.089880,0.175016,0.019146
122,8.924388,0.283505,0.088659,0.175232,0.019233
123,8.951170,0.286132,0.090210,0.176298,0.019191
124,8.926868,0.283306,0.089087,0.174685,0.019153
125,8.934116,0.283530,0.088707,0.175271,0.019202
126,8.930547,0.282237,0.086992,0.175755,0.019093
127,8.952180,0.284184,0.089800,0.174958,0.019054
128,8.938160,0.284975,0.089710,0.175770,0.019103
129,8.942288,0.284123,0.089807,0.174727,0.019033
130,8.930915,0.284636,0.089639,0.175251,0.019329
131,8.946551,0.285819,0.090606,0.175653,0.019169
132,8.929401,0.284793,0.090254,0.175020,0.019127
133,8.946724,0.283311,0.088582,0.175316,0.019063
134,8.923677,0.286120,0.089878,0.176633,0.019257
135,8.912409,0.283355,0.089070,0.174635,0.019256
136,8.955908,0.284061,0.088811,0.175781,0.019090
137,8.928675,0.284387,0.089052,0.175293,0.019218
138,8.925776,0.285124,0.090523,0.175086,0.019139
139,8.935130,0.284394,0.089489,0.175428,0.019125
140,8.923228,0.286325,0.090348,0.176326,0.019263
141,8.922803,0.283645,0.089195,0.174965,0.019102
142,8.950850,0.284187,0.088226,0.176321,0.019246
143,8.931789,0.285922,0.091040,0.175388,0.019112
144,8.931632,0.283264,0.089144,0.174654,0.019105
145,8.934942,0.284437,0.089793,0.175091,0.019146
146,8.910499,0.286397,0.090341,0.176389,0.019290
147,8.900028,0.284396,0.089314,0.174794,0.019716
148,8.927909,0.284236,0.089662,0.175038,0.019114
149,8.927789,0.286056,0.090601,0.175987,0.019116
150,8.921101,0.284279,0.089167,0.175659,0.019051
151,8.932044,0.283014,0.088467,0.175117,0.019033
152,8.943510,0.285888,0.089838,0.176557,0.019104
153,8.931844,0.285443,0.090568,0.175396,0.019094
154,8.913033,0.284037,0.089528,0.174966,0.019180
155,8.926263,0.285667,0.090851,0.175289,0.019149
156,8.920425,0.285456,0.089329,0.176638,0.019107
157,8.924636,0.284237,0.089562,0.175171,0.019117
158,8.923252,0.284223,0.089282,0.175482,0.019107
159,8.903819,0.285500,0.089445,0.176579,0.019080
160,8.903291,0.284304,0.089533,0.175121,0.019295
161,8.926819,0.284964,0.089968,0.175523,0.019086
162,8.900190,0.286150,0.090237,0.176523,0.019044
163,8.931420,0.284805,0.089911,0.175446,0.019051
164,8.912717,0.284767,0.089930,0.175324,0.019164
165,8.918043,0.287054,0.090426,0.177093,0.019148
166,8.919293,0.284965,0.090008,0.175569,0.019035
167,8.923285,0.285038,0.089605,0.175548,0.019481
168,8.919495,0.284340,0.088831,0.175922,0.019233
169,8.916365,0.287053,0.091122,0.176391,0.019142
170,8.930128,0.284067,0.089569,0.175093,0.019054
171,8.923080,0.286413,0.091041,0.175813,0.019175
172,8.905963,0.286834,0.090427,0.176925,0.019134
173,8.912763,0.285816,0.090308,0.175967,0.019139
174,8.920296,0.284333,0.089655,0.175233,0.019096
175,8.916386,0.285974,0.090577,0.175892,0.019156
176,8.893881,0.284982,0.089921,0.175487,0.019226
177,8.901879,0.284529,0.089688,0.175112,0.019305
178,8.916517,0.282743,0.087551,0.175585,0.019208
179,8.903839,0.287186,0.091132,0.176458,0.019244
180,8.921196,0.284077,0.089522,0.175069,0.019092
181,8.908216,0.286537,0.090876,0.176090,0.019175
182,8.907154,0.286221,0.089758,0.176765,0.019323
183,8.920328,0.285775,0.090517,0.175765,0.019140
184,8.917403,0.284650,0.089696,0.175291,0.019239
185,8.898921,0.286344,0.090589,0.176227,0.019175
186,8.910677,0.285790,0.090165,0.176101,0.019112
187,8.924180,0.284641,0.089671,0.175189,0.019399
188,8.913370,0.284369,0.089104,0.175779,0.019111
189,8.914431,0.287665,0.091314,0.176918,0.019084
190,8.928203,0.284960,0.089807,0.175645,0.019132
191,8.905358,0.285141,0.089847,0.175729,0.019176
192,8.915363,0.286685,0.090704,0.176502,0.019087
193,8.894183,0.286018,0.090519,0.175850,0.019302
194,8.915512,0.284549,0.089844,0.175077,0.019230
195,8.898278,0.286248,0.091026,0.175734,0.019145
196,8.917691,0.287001,0.090460,0.176999,0.019149
197,8.876563,0.284756,0.089945,0.175100,0.019329
198,8.907290,0.285032,0.089801,0.175561,0.019288
199,8.911605,0.286710,0.090782,0.176452,0.019137
200,8.880657,0.285799,0.090155,0.176210,0.019059
201,8.918124,0.283655,0.089163,0.175096,0.018865
202,8.908997,0.286394,0.090960,0.175963,0.019077
203,8.901455,0.285990,0.090819,0.175769,0.019053
204,8.907354,0.283848,0.089142,0.175264,0.019061
205,8.908465,0.284805,0.090154,0.175161,0.019102
206,8.892481,0.286625,0.090516,0.176641,0.019084
207,8.889749,0.284260,0.087971,0.176869,0.019034
208,8.903811,0.284713,0.089657,0.175622,0.019057
209,10.333296,0.286085,0.090116,0.176459,0.019120
210,8.907818,0.284023,0.089289,0.175236,0.019150
211,8.915502,0.284981,0.089779,0.175648,0.019155
212,8.898234,0.285881,0.090485,0.175863,0.019161
213,8.896875,0.285406,0.090419,0.175613,0.019025
214,8.895227,0.284344,0.089599,0.175244,0.019108
215,8.889520,0.286550,0.090729,0.176281,0.019140
216,8.897537,0.285966,0.089631,0.176906,0.019038
217,8.904766,0.284557,0.089647,0.175425,0.019093
218,8.934356,0.284644,0.089327,0.175871,0.019056
219,8.889938,0.286886,0.090238,0.177253,0.019045
220,8.892156,0.284811,0.089711,0.175441,0.019266
221,8.904551,0.284647,0.089102,0.176037,0.019159
222,8.898751,0.287203,0.089901,0.176983,0.019778
223,8.915908,0.286244,0.090803,0.175832,0.019168
224,8.900348,0.284044,0.089038,0.175514,0.019107
225,8.898853,0.285106,0.090060,0.175599,0.019072
226,8.906684,0.285465,0.089572,0.176406,0.019137
227,8.898831,0.284423,0.089664,0.175163,0.019253
228,8.902000,0.282537,0.087810,0.175305,0.019033
229,8.900641,0.287555,0.090986,0.177011,0.019214
230,8.892654,0.284283,0.088978,0.175689,0.019215
231,8.909647,0.285006,0.090070,0.175422,0.019122
232,8.894995,0.286696,0.089741,0.177401,0.019202
233,8.895699,0.285454,0.090425,0.175630,0.018859
234,8.907341,0.284395,0.089616,0.175319,0.019069
235,8.891953,0.286677,0.090452,0.176446,0.019378
236,8.908359,0.285586,0.089507,0.176452,0.019253
237,8.905507,0.283780,0.088968,0.175434,0.019008
238,8.898581,0.284233,0.088965,0.175634,0.019238
239,8.903333,0.287712,0.091094,0.176962,0.019266
240,8.903747,0.284421,0.089575,0.175248,0.019245
241,8.885891,0.284552,0.090008,0.174984,0.019185
242,8.895277,0.285588,0.089608,0.176576,0.019055
243,8.895587,0.284810,0.089777,0.175452,0.019187
244,8.892153,0.283871,0.089133,0.175238,0.019153
245,8.877859,0.286216,0.089573,0.177000,0.019264
246,8.914102,0.283651,0.089041,0.175116,0.019135
247,8.886885,0.284688,0.089791,0.175317,0.019188
248,8.882319,0.282554,0.087172,0.175786,0.019211
249,8.892141,0.284622,0.090278,0.174931,0.019022
250,8.914425,0.285041,0.090002,0.175477,0.019215
251,8.886871,0.286333,0.090080,0.176629,0.019231
252,8.905674,0.283687,0.088927,0.175218,0.019177
253,8.889713,0.285254,0.090014,0.175741,0.019145
254,8.904783,0.286187,0.091182,0.175514,0.019139
255,8.896950,0.283665,0.089082,0.175146,0.019041
256,8.906573,0.284829,0.089692,0.175530,0.019255
257,8.893740,0.286046,0.090170,0.176432,0.019055
258,8.889864,0.282510,0.086718,0.176339,0.019100
259,8.890151,0.284708,0.089170,0.175903,0.019242
260,8.909781,0.286015,0.089733,0.176779,0.019153
261,8.907991,0.284311,0.089162,0.175470,0.019267
262,8.892447,0.285203,0.089738,0.175906,0.019216
263,8.911971,0.285761,0.089751,0.176608,0.019056
264,8.895513,0.285193,0.090340,0.175279,0.019224
265,8.879397,0.283850,0.089429,0.174934,0.019140
266,8.907419,0.285910,0.089751,0.176702,0.019096
267,8.888630,0.283134,0.088512,0.175032,0.019243
268,8.887985,0.284274,0.089073,0.175683,0.019175
269,8.905776,0.284202,0.088560,0.176163,0.018932
270,8.895727,0.284968,0.090568,0.175012,0.019035
271,8.886044,0.285082,0.089736,0.175882,0.019075
272,8.902842,0.286227,0.089807,0.176812,0.019248
273,8.881989,0.284030,0.089263,0.175272,0.019095
274,8.904887,0.285126,0.088708,0.176697,0.019337
275,8.896003,0.285680,0.090753,0.175445,0.019094
276,8.896939,0.284601,0.089485,0.175611,0.019159
277,8.889215,0.284633,0.089502,0.175479,0.019260
278,8.885287,0.286401,0.090719,0.176238,0.019063
279,8.902486,0.285053,0.089450,0.176075,0.019143
280,8.890685,0.285011,0.090126,0.175357,0.019160
281,8.890080,0.286191,0.090833,0.175874,0.019141
282,8.872381,0.285906,0.089632,0.176820,0.019077
283,8.870984,0.284033,0.089066,0.175423,0.019156
284,8.896883,0.285500,0.089982,0.176050,0.019121
285,8.897549,0.286214,0.091319,0.175303,0.019249
286,8.907222,0.284361,0.089136,0.175608,0.019222
287,8.910270,0.284061,0.088917,0.175630,0.019164
288,8.887406,0.285895,0.089794,0.176488,0.019228
289,8.910130,0.282746,0.086784,0.176490,0.019097
290,8.893725,0.285486,0.089338,0.175973,0.019640
291,8.893784,0.286087,0.090537,0.176034,0.019050
292,8.908958,0.288525,0.089865,0.179136,0.019135
293,8.899436,0.285551,0.088951,0.177023,0.019190
294,8.887982,0.284189,0.088456,0.176274,0.019107
295,8.910205,0.285930,0.091053,0.175374,0.019111
296,8.897478,0.283691,0.089166,0.174994,0.019137
297,8.901459,0.285210,0.089683,0.175906,0.019279
298,8.892340,0.285891,0.089642,0.176708,0.019195
299,8.889213,0.282861,0.086639,0.176634,0.019220
300,8.872256,0.285104,0.089262,0.176321,0.019125
301,8.912788,0.286205,0.089662,0.177130,0.019046
302,8.877993,0.284033,0.089327,0.175240,0.019114
303,8.877636,0.284553,0.089072,0.175831,0.019274
304,8.863404,0.286207,0.089720,0.176919,0.019171
305,8.889755,0.285924,0.090489,0.175802,0.019251
306,8.891220,0.284283,0.089509,0.175275,0.019105
307,8.892944,0.286026,0.090224,0.176152,0.019261
308,8.896363,0.285508,0.089471,0.176543,0.019104
309,8.889174,0.283673,0.089002,0.175164,0.018952
310,8.881369,0.284384,0.089002,0.175765,0.019215
311,8.880541,0.287324,0.091007,0.176723,0.019195
312,8.875891,0.284402,0.089567,0.175394,0.019061
313,8.905664,0.285664,0.090124,0.176020,0.019132
314,8.891943,0.286691,0.090374,0.176838,0.019077
315,8.871079,0.285773,0.090441,0.175899,0.019044
316,8.888166,0.284619,0.089629,0.175507,0.019094
317,8.896278,0.285979,0.090154,0.176220,0.019220
318,8.899990,0.286449,0.090081,0.176874,0.019098
319,8.883623,0.283735,0.088908,0.175194,0.019245
320,8.901969,0.282778,0.087462,0.175750,0.019167
321,8.886217,0.285643,0.090877,0.175311,0.019064
322,8.897648,0.284341,0.089417,0.175337,0.019191
323,8.901656,0.285854,0.090057,0.176279,0.019136
324,8.872134,0.286163,0.089603,0.176868,0.019295
325,8.889811,0.285470,0.089749,0.176151,0.019209
326,8.890759,0.285904,0.091008,0.175334,0.019170
327,8.893325,0.286347,0.089852,0.177000,0.019083
328,8.891468,0.284585,0.089447,0.175593,0.019162
329,8.861785,0.284385,0.089578,0.175213,0.019245
330,8.888941,0.284092,0.088773,0.175746,0.019176
331,8.900952,0.285664,0.090915,0.175369,0.019031
332,8.910583,0.284750,0.089482,0.175740,0.019149
333,8.894432,0.287141,0.090679,0.176909,0.019161
334,8.895943,0.286452,0.090269,0.176609,0.019180
335,8.878815,0.285512,0.089871,0.176111,0.019176
336,8.898282,0.285229,0.089703,0.176042,0.019097
337,8.903321,0.286215,0.089743,0.176907,0.019212
338,8.892575,0.284301,0.089302,0.175481,0.019134
339,8.894055,0.284263,0.089423,0.175401,0.019091
340,8.893103,0.284104,0.088680,0.175926,0.019119
341,8.873800,0.285880,0.090918,0.175357,0.019207
342,8.886543,0.284435,0.089550,0.175410,0.019088
343,8.895765,0.285950,0.090213,0.176303,0.019082
344,8.884643,0.285168,0.089441,0.176286,0.019090
345,8.875660,0.284913,0.089508,0.175973,0.019085
346,8.872586,0.286949,0.091040,0.176477,0.019066
347,8.870169,0.286646,0.089856,0.177321,0.019074
348,8.897324,0.284219,0.089339,0.175365,0.019117
349,8.875651,0.284407,0.089643,0.175314,0.019057
350,8.884395,0.284248,0.088806,0.175956,0.019096
351,8.870968,0.286021,0.091003,0.175542,0.019102
352,8.892679,0.284626,0.089361,0.175663,0.019219
353,8.893007,0.286396,0.090627,0.176297,0.018944
354,8.886851,0.286721,0.090170,0.176927,0.019271
355,8.881621,0.285267,0.090086,0.175715,0.019064
356,8.877616,0.284673,0.089605,0.175438,0.019254
357,8.880089,0.286934,0.090683,0.176444,0.019400
358,8.891564,0.285292,0.089622,0.176168,0.019136
359,8.895374,0.283874,0.088987,0.175426,0.019072
360,8.892009,0.283508,0.088989,0.175074,0.019049
361,8.872046,0.286959,0.090968,0.176592,0.019040
362,8.877171,0.283819,0.089112,0.175171,0.019160
363,8.860521,0.285423,0.090233,0.175656,0.019134
364,8.872268,0.287144,0.090232,0.177314,0.019222
365,8.871176,0.285670,0.090206,0.175914,0.019154
366,8.879638,0.284539,0.089591,0.175337,0.019233
367,8.876563,0.286501,0.090533,0.176392,0.019226
368,8.901315,0.285775,0.090021,0.176313,0.019086
369,8.910347,0.283870,0.088870,0.175380,0.019237
370,8.894175,0.283598,0.088999,0.175101,0.019114
371,8.879774,0.285475,0.090042,0.175977,0.019060
372,8.893356,0.284016,0.089518,0.174825,0.019283
373,8.869748,0.286245,0.090157,0.176339,0.019361
374,8.864259,0.286533,0.090172,0.176783,0.019181
375,8.910201,0.285533,0.089863,0.176115,0.019205
376,8.874835,0.284549,0.089020,0.176107,0.019038
377,8.881069,0.286497,0.089777,0.177102,0.019214
378,8.888959,0.285213,0.089871,0.175781,0.019201
379,8.902791,0.284834,0.089566,0.175704,0.019186
380,8.875717,0.284051,0.088880,0.175602,0.019175
381,8.881162,0.284262,0.089264,0.175495,0.019144
382,8.881504,0.284579,0.089511,0.175577,0.019097
383,8.887908,0.286263,0.090399,0.176413,0.019100
384,8.896932,0.286115,0.090096,0.176505,0.019131
385,8.863435,0.284933,0.089510,0.176050,0.019014
386,8.886302,0.285028,0.089959,0.175561,0.019125
387,8.884559,0.286292,0.090077,0.176821,0.019024
388,8.884419,0.284179,0.089038,0.175497,0.019251
389,8.882709,0.285186,0.089809,0.175854,0.019155
390,8.884112,0.284455,0.088603,0.176242,0.019220
391,8.880464,0.285476,0.090647,0.175327,0.019151
392,8.874136,0.284778,0.089569,0.175629,0.019192
393,8.859939,0.286233,0.089788,0.176870,0.019177
394,8.870103,0.284280,0.089322,0.175362,0.019213
395,8.893978,0.285123,0.088716,0.176141,0.019711
396,8.863164,0.285532,0.091034,0.174777,0.019270
397,8.874256,0.284896,0.089355,0.175967,0.019215
398,8.885171,0.284182,0.089423,0.175144,0.019231
399,8.880576,0.286001,0.090703,0.175845,0.019097
400,8.861959,0.282335,0.086922,0.175759,0.019276
401,8.861573,0.284664,0.089747,0.175389,0.018967
402,8.883268,0.286166,0.090495,0.176225,0.019094
403,8.898760,0.285168,0.089495,0.176204,0.019117
404,8.886099,0.283730,0.088841,0.175483,0.019049
405,8.862333,0.286256,0.090822,0.175853,0.019233
406,8.887029,0.285692,0.090486,0.175824,0.019016
407,8.875896,0.283813,0.088872,0.175300,0.019242
408,8.880978,0.285595,0.090053,0.175832,0.019252
409,8.894362,0.286888,0.090428,0.176837,0.019246
410,8.894718,0.284031,0.089170,0.175364,0.019112
411,8.884130,0.284898,0.089438,0.175916,0.019197
412,8.885819,0.285865,0.090491,0.175958,0.019060
413,8.868751,0.284293,0.089281,0.175538,0.019123
414,8.876534,0.284217,0.089395,0.175338,0.019096
415,8.888973,0.286292,0.090599,0.176323,0.019020
416,8.887198,0.285954,0.090409,0.175895,0.019255
417,8.901329,0.284457,0.088966,0.175819,0.019280
418,8.880020,0.285480,0.090167,0.175645,0.019270
419,8.879499,0.286365,0.090120,0.176769,0.019123
420,8.880158,0.283566,0.089025,0.175137,0.019050
421,8.871565,0.284410,0.089118,0.175794,0.019147
422,8.875651,0.286473,0.090112,0.176776,0.019235
423,8.864580,0.284040,0.089110,0.175441,0.019111
424,8.872643,0.285590,0.089973,0.176151,0.019088
425,8.879642,0.285617,0.089692,0.176487,0.019087
426,8.864946,0.285298,0.090340,0.175486,0.019112
427,8.872849,0.283958,0.089381,0.175128,0.019102
428,8.888635,0.286057,0.090493,0.175940,0.019270
429,8.878590,0.284833,0.089847,0.175369,0.019238
430,8.884182,0.283945,0.089461,0.174990,0.019122
431,8.875009,0.282142,0.087225,0.175312,0.019239
432,8.868688,0.285161,0.090544,0.175010,0.019252
433,8.872396,0.285008,0.089649,0.175794,0.019213
434,8.876943,0.285896,0.089630,0.176870,0.019008
435,8.893636,0.283641,0.089094,0.175051,0.019107
436,8.873600,0.284011,0.088413,0.176064,0.019168
437,8.882633,0.286037,0.090787,0.175634,0.019236
438,8.885399,0.284316,0.089815,0.175083,0.019042
439,8.866003,0.285035,0.089145,0.176178,0.019255
440,8.893614,0.285880,0.090136,0.176198,0.019156
441,8.873558,0.282475,0.086810,0.176038,0.019230
442,8.882974,0.284880,0.089516,0.175729,0.019247
443,8.859610,0.286357,0.090439,0.176383,0.019182
444,8.870891,0.285462,0.090025,0.175965,0.019065
445,8.885695,0.284645,0.089600,0.175619,0.019074
446,8.871725,0.286382,0.090349,0.176415,0.019204
447,8.875124,0.286038,0.090877,0.175672,0.019110
448,8.858954,0.284125,0.089065,0.175452,0.019232
449,8.869484,0.285518,0.089988,0.175955,0.019209
450,8.889574,0.286578,0.090353,0.176684,0.019160
451,8.880633,0.283627,0.089214,0.175028,0.019034
452,8.894577,0.283009,0.087838,0.175727,0.019064
453,8.867352,0.287180,0.091222,0.176372,0.019233
454,8.889930,0.283713,0.089103,0.175079,0.019143
455,8.859590,0.284052,0.089034,0.175472,0.019199
456,8.890723,0.286552,0.090295,0.176660,0.019244
457,8.873465,0.285170,0.090202,0.175547,0.018851
458,8.877883,0.283604,0.088786,0.175298,0.019142
459,8.878412,0.285995,0.090344,0.176164,0.019089
460,8.884129,0.284796,0.089852,0.175460,0.019101
461,8.877305,0.284477,0.089469,0.175460,0.019193
462,8.871018,0.283873,0.088683,0.175815,0.019023
463,8.880739,0.284404,0.089199,0.175605,0.019207
464,8.862725,0.284263,0.089577,0.175249,0.019088
465,8.876256,0.286118,0.089797,0.176822,0.019146
466,8.902992,0.283475,0.089105,0.174983,0.019039
467,8.881578,0.284505,0.088577,0.176569,0.019011
468,8.883166,0.284351,0.089418,0.175497,0.019086
469,8.875026,0.284079,0.089112,0.175346,0.019231
470,8.861505,0.284536,0.089603,0.175475,0.019106
471,8.873133,0.285819,0.089750,0.176557,0.019132
472,8.872589,0.282266,0.086753,0.176080,0.019064
473,8.870971,0.282623,0.087795,0.175297,0.019134
474,8.875601,0.285086,0.089478,0.176108,0.019138
475,8.883579,0.283287,0.088876,0.174790,0.019271
476,8.880407,0.285453,0.090137,0.175850,0.019111
477,8.879422,0.283860,0.088798,0.175472,0.019234
478,8.883026,0.284140,0.088833,0.175682,0.019269
479,8.854643,0.284867,0.090739,0.174648,0.019103
480,8.881203,0.284653,0.089912,0.175267,0.019123
481,8.872982,0.284008,0.089368,0.175003,0.019242
482,8.864724,0.286458,0.090768,0.176056,0.019250
483,8.865206,0.282200,0.086778,0.175930,0.019124
484,8.877617,0.284240,0.089666,0.175073,0.019150
485,8.887227,0.286431,0.090541,0.176361,0.019141
486,8.865747,0.285285,0.089942,0.175949,0.019051
487,8.887477,0.284416,0.089555,0.175327,0.019148
488,8.869265,0.285862,0.090779,0.175617,0.019121
489,8.874260,0.285915,0.090528,0.175733,0.019263
490,8.864205,0.283861,0.089570,0.174906,0.019041
491,8.860980,0.285269,0.089945,0.175813,0.019125
492,8.877295,0.286222,0.089670,0.176942,0.019261
493,8.898301,0.284193,0.089710,0.175008,0.019082
494,8.858498,0.284978,0.089385,0.175994,0.019243
495,8.871532,0.286249,0.089744,0.176952,0.019164
496,8.880434,0.283471,0.089029,0.174970,0.019124
497,8.863237,0.284446,0.089030,0.175982,0.019046
498,8.876928,0.286115,0.089708,0.176776,0.019278
499,8.897600,0.285725,0.090409,0.175648,0.019278
500,8.876374,0.283869,0.088952,0.175351,0.019216
501,8.875339,0.285613,0.090110,0.175962,0.019147
502,8.879806,0.283939,0.088756,0.175756,0.019079
503,8.885532,0.284064,0.089519,0.175068,0.019094
504,8.885985,0.282292,0.087403,0.175322,0.019218
505,8.874526,0.285143,0.090501,0.175135,0.019133
506,8.879271,0.284562,0.089475,0.175657,0.019044
507,8.883937,0.285928,0.089741,0.176537,0.019280
508,8.871627,0.283887,0.089197,0.175249,0.019093
509,8.873747,0.284708,0.088214,0.176933,0.019172
510,8.866999,0.286213,0.090977,0.175287,0.019467
511,8.880885,0.284931,0.089405,0.175972,0.019152
512,8.869352,0.284569,0.089420,0.175517,0.019241
513,8.867842,0.286248,0.090749,0.175966,0.019160
514,8.868743,0.282436,0.087014,0.175786,0.019292
515,8.867368,0.284660,0.089836,0.175262,0.019212
516,8.875269,0.285988,0.090210,0.176213,0.019214
517,8.873493,0.289310,0.090042,0.179683,0.019193
518,8.872277,0.283318,0.088587,0.175209,0.019173
519,8.875795,0.284931,0.088624,0.176808,0.019152
520,8.855345,0.286239,0.091293,0.175397,0.019174
521,8.857487,0.285084,0.089957,0.175612,0.018982
522,8.893966,0.284048,0.089025,0.175475,0.019129
523,8.865689,0.286153,0.090847,0.175730,0.019225
524,8.878134,0.282338,0.086880,0.175966,0.019110
525,8.861082,0.284711,0.089820,0.175364,0.019140
526,8.875111,0.285830,0.090062,0.176131,0.019260
527,8.870004,0.285115,0.089535,0.176062,0.019173
528,8.863839,0.283317,0.088835,0.174969,0.019113
529,8.859357,0.285910,0.090176,0.176234,0.019104
530,8.879244,0.285766,0.090463,0.175784,0.019119
531,8.868778,0.283366,0.088952,0.174970,0.019095
532,8.880567,0.286468,0.090895,0.176016,0.019175
533,8.866750,0.285727,0.089657,0.176572,0.019150
534,8.870018,0.283579,0.089067,0.174986,0.019139
535,8.883553,0.284586,0.089241,0.175757,0.019223
536,8.866555,0.285455,0.089616,0.176349,0.019092
537,8.881050,0.284004,0.088974,0.175377,0.019050
538,8.866754,0.284876,0.089952,0.175315,0.019216
539,8.874826,0.285723,0.089620,0.176482,0.019233
540,8.867814,0.285037,0.089918,0.175632,0.019098
541,8.860926,0.284532,0.089541,0.175506,0.019146
542,8.876503,0.285802,0.089703,0.176621,0.019113
543,8.861865,0.283832,0.089155,0.175230,0.019090
544,8.875192,0.284665,0.089442,0.175562,0.019263
545,8.867238,0.281956,0.087264,0.175266,0.019048
546,8.873125,0.284518,0.090129,0.174826,0.019181
547,8.859747,0.285415,0.090171,0.175773,0.019087
548,8.888236,0.286133,0.090080,0.176513,0.019147
549,8.878699,0.283798,0.089050,0.175278,0.019092
550,8.856887,0.284538,0.089898,0.175015,0.019275
551,8.862094,0.285353,0.090525,0.175385,0.019057
552,8.863933,0.283880,0.089030,0.175357,0.019097
553,8.869417,0.285441,0.089993,0.175865,0.019240
554,8.894599,0.286220,0.090331,0.176469,0.019072
555,8.876502,0.282303,0.086731,0.176088,0.019122
556,8.872276,0.284583,0.089306,0.175721,0.019164
557,8.856584,0.286195,0.090144,0.176599,0.019103
558,8.868916,0.283499,0.088966,0.175075,0.019107
559,8.868769,0.285158,0.090031,0.175507,0.019257
560,8.897018,0.285444,0.089656,0.176344,0.019096
561,8.865898,0.284988,0.089773,0.175585,0.019283
562,8.885910,0.284605,0.089120,0.175936,0.019180
563,8.880178,0.285639,0.089849,0.176266,0.019145
564,8.865197,0.283995,0.089205,0.175280,0.019130
565,8.863555,0.284842,0.089516,0.175465,0.019463
566,8.868466,0.283588,0.088798,0.175351,0.019053
567,8.873788,0.285885,0.090919,0.175289,0.019286
568,8.876050,0.284567,0.089407,0.175484,0.019279
569,8.870803,0.285617,0.090018,0.175960,0.019247
570,8.862292,0.284461,0.089484,0.175503,0.019124
571,8.879453,0.284491,0.089049,0.175817,0.019229
572,8.874456,0.285347,0.090924,0.174970,0.019097
573,8.862467,0.285015,0.089546,0.176001,0.019063
574,8.876884,0.284582,0.089545,0.175401,0.019235
575,8.879819,0.286236,0.090754,0.175976,0.019113
576,8.868809,0.282203,0.086876,0.175922,0.019024
577,8.878844,0.284403,0.089794,0.175074,0.019153
578,8.883640,0.286371,0.090575,0.176169,0.019232
579,8.880172,0.285074,0.089635,0.175810,0.019226
580,8.869211,0.283706,0.088913,0.175221,0.019206
581,8.875632,0.285737,0.090155,0.176024,0.019168
582,8.874239,0.285949,0.090829,0.175571,0.019152
583,8.886637,0.283570,0.088225,0.175707,0.019248
584,8.865146,0.285325,0.090055,0.175612,0.019263
585,8.869715,0.286933,0.090332,0.177145,0.019074
586,8.873925,0.284320,0.089697,0.175069,0.019140
587,8.860958,0.284942,0.089424,0.176024,0.019091
588,8.856472,0.286006,0.089696,0.176773,0.019141
589,8.866701,0.284156,0.089342,0.175347,0.019075
590,8.871040,0.284237,0.089494,0.175278,0.019114
591,8.855924,0.285722,0.089330,0.176752,0.019232
592,8.894994,0.285808,0.090363,0.175751,0.019308
593,8.880816,0.284422,0.089416,0.175297,0.019089
594,8.883256,0.285920,0.090285,0.176200,0.019041
595,8.873249,0.285691,0.089640,0.176532,0.019126
596,8.870818,0.284476,0.089572,0.175446,0.019075
597,8.869841,0.285082,0.089624,0.175913,0.019144
598,8.868828,0.285753,0.089744,0.176497,0.019123
599,8.850247,0.283903,0.089227,0.175181,0.019099
600,8.868244,0.284391,0.089684,0.175176,0.019136
601,8.860812,0.286054,0.089791,0.176763,0.019113
602,8.863025,0.285624,0.090354,0.175698,0.019225
603,8.856801,0.284099,0.089557,0.174862,0.019297
604,8.890498,0.285952,0.090101,0.176399,0.019102
605,8.886670,0.283770,0.088627,0.175550,0.019196
606,8.891644,0.284162,0.089411,0.175244,0.019154
607,8.868821,0.282091,0.087342,0.175205,0.019166
608,8.863852,0.285238,0.090671,0.175092,0.019077
609,8.868217,0.284341,0.089061,0.175679,0.019203
610,8.883030,0.285684,0.089757,0.176469,0.019073
611,8.879410,0.284148,0.089224,0.175405,0.019134
612,8.876445,0.284831,0.088700,0.176526,0.019255
613,8.865584,0.286006,0.091153,0.175404,0.019045
614,8.865985,0.284151,0.089386,0.175227,0.019154
615,8.859854,0.284086,0.089520,0.175183,0.019035
616,8.868908,0.286169,0.090448,0.176247,0.019124
617,8.870571,0.282806,0.086914,0.176398,0.019147
618,8.877263,0.285042,0.089509,0.176084,0.019052
619,8.896990,0.286477,0.090428,0.176500,0.019193
620,8.876343,0.284538,0.089292,0.175613,0.019251
621,8.857216,0.284432,0.089595,0.175216,0.019233
622,8.876101,0.285037,0.090253,0.175308,0.019093
623,8.873119,0.285420,0.090219,0.175580,0.019250
624,8.893972,0.283180,0.089039,0.174713,0.019044
625,8.869156,0.285869,0.090302,0.176098,0.019088
626,8.866201,0.285119,0.089564,0.176137,0.019066
627,8.869108,0.283660,0.088864,0.175281,0.019139
628,8.864999,0.284023,0.088900,0.175474,0.019234
629,8.880319,0.287026,0.090948,0.176596,0.019105
630,8.844968,0.283344,0.088682,0.175020,0.019249
631,8.856084,0.285254,0.090263,0.175378,0.019237
632,8.876814,0.286552,0.090205,0.176714,0.019251
633,8.860883,0.285254,0.090099,0.175526,0.019242
634,8.851116,0.286185,0.091291,0.175307,0.019231
635,8.856382,0.285829,0.090506,0.175778,0.019164
636,8.869769,0.284615,0.089463,0.175538,0.019215
637,8.872319,0.283181,0.088748,0.174940,0.019100
638,8.863522,0.281889,0.087301,0.175073,0.019164
639,8.874635,0.285415,0.090347,0.175455,0.019220
640,8.862725,0.283059,0.086871,0.176586,0.019245
641,8.869064,0.285978,0.090208,0.176181,0.019197
642,8.872007,0.283967,0.088920,0.175553,0.019106
643,8.866555,0.285022,0.090134,0.175360,0.019131
644,8.859489,0.286095,0.091111,0.175477,0.019148
645,8.853352,0.283973,0.089051,0.175332,0.019198
646,8.880963,0.284676,0.089650,0.175520,0.019130
647,8.864904,0.285707,0.089698,0.176433,0.019183
648,8.867654,0.282412,0.086567,0.176268,0.019198
649,8.874824,0.282484,0.087649,0.175304,0.019174
650,8.849755,0.287071,0.090898,0.176625,0.019153
651,8.872365,0.283853,0.088961,0.175397,0.019142
652,8.872205,0.285348,0.089913,0.175789,0.019244
653,8.858169,0.286540,0.090218,0.176697,0.019273
654,8.889567,0.285450,0.090087,0.175780,0.019201
655,8.862498,0.284137,0.089454,0.175035,0.019295
656,8.858961,0.286234,0.089934,0.175957,0.019748
657,8.854058,0.286234,0.090200,0.176557,0.019069
658,8.861654,0.284291,0.089093,0.175527,0.019275
659,8.869579,0.284467,0.089337,0.175584,0.019191
660,8.876750,0.286128,0.089621,0.176889,0.019205
661,8.849698,0.284114,0.089059,0.175502,0.019188
662,8.874343,0.285022,0.089640,0.175837,0.019145
663,8.867220,0.285556,0.089641,0.176504,0.019058
664,8.864500,0.285524,0.090296,0.175660,0.019169
665,8.869831,0.283426,0.088720,0.175243,0.019107
666,8.863161,0.285777,0.089720,0.176436,0.019220
667,8.858468,0.282918,0.088359,0.175186,0.019020
668,8.868527,0.284752,0.089479,0.175725,0.019161
669,8.871572,0.283328,0.088514,0.175385,0.019078
670,8.865245,0.284594,0.090349,0.174838,0.019027
671,8.873128,0.284703,0.089739,0.175402,0.019211
672,8.871975,0.289313,0.090109,0.179706,0.019012
673,8.867974,0.286320,0.090169,0.176545,0.019070
674,8.869804,0.285027,0.089769,0.175730,0.019157
675,8.841965,0.285652,0.091055,0.175105,0.019139
676,8.884472,0.286189,0.089819,0.176829,0.019128
677,8.860367,0.285076,0.089868,0.175687,0.019136
678,8.863708,0.283695,0.088894,0.175183,0.019257
679,8.884192,0.281853,0.087297,0.175183,0.019024
680,8.860833,0.285222,0.090512,0.175089,0.019269
681,8.857274,0.284305,0.089695,0.175076,0.019131
682,8.846670,0.289990,0.089699,0.180684,0.019211
683,8.865698,0.286033,0.090113,0.176423,0.019111
684,8.882626,0.284866,0.089631,0.175725,0.019164
685,8.863244,0.284967,0.089889,0.175562,0.019130
686,8.847871,0.286125,0.090299,0.176443,0.019030
687,8.846488,0.283781,0.089120,0.175026,0.019246
688,8.875297,0.284989,0.089659,0.175714,0.019235
689,8.869887,0.283883,0.088534,0.175718,0.019250
690,8.869913,0.285183,0.090717,0.174999,0.019111
691,8.882865,0.285184,0.089258,0.176023,0.019254
692,8.882914,0.286345,0.090484,0.176225,0.019276
693,8.870490,0.285610,0.089984,0.176085,0.019159
694,8.876883,0.284889,0.089430,0.176021,0.019040
695,8.871346,0.286199,0.091240,0.175284,0.019280
696,8.866961,0.286174,0.089589,0.177036,0.019150
697,8.858963,0.283833,0.089153,0.175081,0.019208
698,8.857759,0.283865,0.088720,0.175721,0.019025
699,8.869387,0.282185,0.086980,0.175548,0.019267
700,8.870233,0.284521,0.089863,0.175051,0.019254
701,8.856277,0.285688,0.090166,0.176125,0.019042
702,8.856706,0.285560,0.089606,0.176507,0.019091
703,8.862971,0.284130,0.089516,0.175109,0.019116
704,8.849851,0.285057,0.090045,0.175566,0.019056
705,8.871366,0.285210,0.090586,0.175111,0.019133
706,8.867589,0.283497,0.088789,0.175190,0.019131
707,8.862925,0.285093,0.089954,0.175709,0.019080
708,8.861156,0.286660,0.090221,0.176836,0.019211
709,8.875996,0.283749,0.089074,0.175225,0.019100
710,8.856225,0.285016,0.089385,0.176224,0.019049
711,8.878464,0.285692,0.089684,0.176538,0.019121
712,8.849875,0.283770,0.089120,0.175011,0.019236
713,8.871834,0.284419,0.089045,0.175792,0.019235
714,8.872926,0.286052,0.089725,0.176713,0.019260
715,8.865794,0.285521,0.090183,0.175759,0.019204
716,8.880254,0.283962,0.088830,0.175489,0.019254
717,8.861422,0.286626,0.090634,0.176304,0.019280
718,8.884284,0.285030,0.089452,0.175926,0.019265
719,8.851838,0.283651,0.089039,0.174971,0.019288
720,8.857620,0.284108,0.088992,0.175425,0.019290
721,8.877445,0.285501,0.090013,0.176051,0.019055
722,8.857367,0.284796,0.089529,0.175598,0.019290
723,8.868230,0.285797,0.090322,0.175891,0.019199
724,8.859030,0.286352,0.090151,0.176604,0.019242
725,8.866668,0.284872,0.089856,0.175597,0.019062
726,8.869830,0.285971,0.091120,0.175198,0.019277
727,8.862411,0.286375,0.090440,0.176312,0.019134
728,8.870379,0.287217,0.090455,0.177156,0.019248
729,8.857763,0.284602,0.089712,0.175249,0.019248
730,8.880505,0.285451,0.089536,0.176232,0.019294
731,8.869280,0.285949,0.090365,0.176090,0.019089
732,8.866321,0.285113,0.089869,0.175820,0.019074
733,8.854972,0.283575,0.088799,0.175160,0.019241
734,8.847704,0.286217,0.090688,0.176103,0.019074
735,8.871906,0.286144,0.090504,0.176089,0.019207
736,8.868576,0.283177,0.088201,0.175364,0.019262
737,8.868279,0.285716,0.090214,0.176003,0.019150
738,8.870561,0.285634,0.089634,0.176489,0.019114
739,8.878210,0.283652,0.088751,0.175482,0.019068
740,8.871678,0.284411,0.089171,0.175698,0.019139
741,8.877643,0.286408,0.090199,0.176669,0.019147
742,8.871156,0.283923,0.088964,0.175495,0.019079
743,8.871752,0.285255,0.089736,0.175968,0.019155
744,8.869681,0.285497,0.089762,0.176212,0.019124
745,8.868372,0.285444,0.090213,0.175822,0.019061
746,8.853489,0.285094,0.089540,0.175274,0.019834
747,8.865159,0.285112,0.089247,0.176348,0.019128
748,8.869174,0.284958,0.089818,0.175633,0.019125
749,8.856688,0.284285,0.089448,0.175389,0.019053
750,8.871018,0.283803,0.088790,0.175396,0.019227
751,8.834993,0.286824,0.091056,0.176379,0.019035
752,8.857233,0.283471,0.088874,0.174981,0.019221
753,8.871747,0.285896,0.090249,0.176021,0.019221
754,8.870572,0.286386,0.090132,0.176629,0.019252
755,8.863331,0.285222,0.089820,0.175817,0.019225
756,8.854443,0.285241,0.089544,0.176049,0.019298
757,8.870261,0.286308,0.089783,0.176949,0.019229
758,8.854845,0.284453,0.089752,0.175278,0.019028
759,8.849095,0.283548,0.088825,0.175342,0.019038
760,8.873096,0.284160,0.088739,0.175782,0.019263
761,8.879128,0.285893,0.090820,0.175476,0.019056
762,8.852525,0.283852,0.089442,0.175000,0.019016
763,8.847674,0.285701,0.089704,0.176346,0.019274
764,8.872513,0.284065,0.089351,0.175154,0.019209
765,8.875897,0.284184,0.088312,0.176359,0.019126
766,8.860850,0.285777,0.091035,0.175217,0.019128
767,8.863694,0.284039,0.089185,0.175393,0.019065
768,8.861028,0.284043,0.089535,0.175069,0.019088
769,8.873612,0.285755,0.089820,0.176325,0.019221
770,8.875813,0.282917,0.086738,0.176658,0.019117
771,8.858469,0.284076,0.089334,0.175307,0.019079
772,8.863365,0.286447,0.090214,0.176759,0.019084
773,8.869724,0.283511,0.089115,0.174875,0.019128
774,8.854751,0.284482,0.089134,0.175914,0.019081
775,8.864575,0.286107,0.089793,0.176686,0.019252
776,8.868093,0.285470,0.090544,0.175432,0.019092
777,8.846542,0.284208,0.089481,0.175150,0.019225
778,8.872159,0.286220,0.090497,0.176212,0.019133
779,8.852238,0.285249,0.089513,0.176041,0.019302
780,8.864609,0.283286,0.088855,0.174958,0.019090
781,8.867975,0.283756,0.089269,0.174959,0.019106
782,8.879971,0.285383,0.090041,0.175883,0.019050
783,8.849247,0.284042,0.089455,0.175139,0.019095
784,8.875412,0.285867,0.090206,0.176050,0.019230
785,8.849002,0.285959,0.090122,0.176470,0.019020
786,8.851249,0.285083,0.089716,0.175782,0.019226
787,8.836688,0.286343,0.090923,0.175981,0.019047
788,8.849177,0.286512,0.090383,0.176491,0.019248
789,8.871365,0.285469,0.090010,0.175847,0.019238
790,8.844256,0.284337,0.089462,0.175227,0.019262
791,8.867142,0.283561,0.088953,0.174979,0.019248
792,8.870131,0.286431,0.090343,0.176503,0.019197
793,8.854280,0.284111,0.089036,0.175534,0.019162
794,8.868079,0.285779,0.090772,0.175532,0.019084
795,8.863605,0.286824,0.090204,0.177048,0.019181
796,8.872965,0.285131,0.090240,0.175301,0.019199
797,8.865644,0.284009,0.088878,0.175480,0.019265
798,8.868577,0.285773,0.089727,0.176418,0.019242
799,8.868910,0.283794,0.089154,0.174930,0.019317
800,8.854530,0.284398,0.089034,0.175737,0.019277
801,8.845361,0.283858,0.088612,0.175585,0.019265
802,8.866070,0.285269,0.090626,0.175151,0.019100
803,8.865106,0.284687,0.089568,0.175612,0.019119
804,8.847464,0.286063,0.089652,0.176946,0.019112
805,8.860524,0.283809,0.089178,0.174990,0.019252
806,8.872077,0.284531,0.088678,0.176354,0.019121
807,8.870172,0.285644,0.090923,0.175194,0.019139
808,8.848934,0.283309,0.089252,0.174591,0.019122
809,8.847317,0.284100,0.088907,0.175528,0.019273
810,8.839151,0.286163,0.089791,0.176861,0.019112
811,8.827155,0.283800,0.089108,0.175048,0.019254
812,8.854677,0.284456,0.089408,0.175685,0.019011
813,8.877019,0.285938,0.089798,0.176713,0.019039
814,8.860554,0.283474,0.089290,0.174636,0.019197
815,8.858311,0.284081,0.088793,0.175742,0.019169
816,8.875110,0.286089,0.089783,0.176705,0.019220
817,8.863259,0.285332,0.090571,0.175293,0.019083
818,8.850384,0.284323,0.089405,0.175403,0.019149
819,8.870282,0.285432,0.089745,0.176027,0.019257
820,8.860131,0.285292,0.089921,0.175888,0.019127
821,8.852648,0.284351,0.089454,0.175418,0.019106
822,8.866776,0.283407,0.088894,0.175050,0.019111
823,8.866662,0.283952,0.089291,0.175164,0.019119
824,8.850597,0.283786,0.089525,0.174894,0.019018
825,8.862415,0.285679,0.089705,0.176367,0.019212
826,8.873388,0.284764,0.089904,0.175406,0.019097
827,8.870358,0.284458,0.088726,0.176129,0.019220
828,8.873250,0.284831,0.090721,0.174682,0.019074
829,8.851691,0.284791,0.089865,0.175423,0.019116
830,8.856448,0.283536,0.088897,0.175194,0.019094
831,8.857190,0.285433,0.089911,0.175921,0.019251
832,8.858751,0.282985,0.086686,0.176649,0.019244
833,8.832510,0.281997,0.087801,0.174751,0.019098
834,8.856485,0.287471,0.091051,0.176563,0.019377
835,8.843380,0.279695,0.085046,0.174977,0.019307
836,8.873086,0.286159,0.090890,0.175742,0.019138
837,8.873000,0.286713,0.090257,0.176914,0.019189
838,8.871177,0.286089,0.090603,0.175897,0.019241
839,8.867970,0.283841,0.088637,0.175562,0.019287
840,8.875553,0.285810,0.090505,0.175824,0.019133
841,8.863015,0.285476,0.089980,0.175823,0.019282
842,8.862775,0.284340,0.089421,0.175405,0.019137
843,8.852098,0.283539,0.088951,0.175170,0.019070
844,8.864987,0.286656,0.090953,0.176279,0.019075
845,8.858356,0.283738,0.088953,0.175129,0.019264
846,8.855980,0.285456,0.090165,0.175680,0.019258
847,8.866663,0.285570,0.089531,0.176602,0.019085
848,8.859909,0.284733,0.089693,0.175619,0.019069
849,8.857473,0.285893,0.091017,0.175281,0.019200
850,8.865143,0.285734,0.089733,0.176373,0.019273
851,8.862964,0.283816,0.089219,0.175157,0.019088
852,8.859487,0.285028,0.089630,0.175890,0.019158
853,8.848423,0.284056,0.088708,0.175740,0.019257
854,8.863390,0.285550,0.090913,0.175188,0.019081
855,8.844048,0.284462,0.089639,0.175428,0.019040
856,8.860741,0.286651,0.090960,0.176078,0.019189
857,8.858583,0.285165,0.089465,0.176239,0.019109
858,8.860890,0.285008,0.089505,0.176064,0.019084
859,8.867160,0.285482,0.090790,0.175163,0.019130
860,8.843283,0.285725,0.089658,0.176646,0.019056
861,8.850718,0.283946,0.089114,0.175346,0.018936
862,8.844101,0.285280,0.089956,0.175760,0.019168
863,8.873387,0.284464,0.088580,0.176252,0.019232
864,8.862049,0.285462,0.090504,0.175493,0.019094
865,8.859416,0.284984,0.089559,0.175820,0.019198
866,8.861547,0.286277,0.089716,0.177052,0.019156
867,8.846684,0.284977,0.089848,0.175537,0.019195
868,8.849240,0.284429,0.088829,0.176034,0.019187
869,8.860198,0.285860,0.090918,0.175137,0.019354
870,8.870245,0.285274,0.089545,0.176225,0.019117
871,8.868139,0.284114,0.089503,0.175207,0.019036
872,8.863665,0.285989,0.090780,0.175627,0.019226
873,8.856239,0.282189,0.086933,0.175750,0.019126
874,8.868977,0.284621,0.089765,0.175468,0.019038
875,8.859230,0.285688,0.090155,0.176079,0.019096
876,8.859282,0.285109,0.089445,0.176065,0.019245
877,8.833157,0.284102,0.089105,0.175436,0.019164
878,8.850897,0.286179,0.090801,0.175777,0.019249
879,8.858830,0.285558,0.090534,0.175465,0.019152
880,8.864288,0.284102,0.089029,0.175512,0.019202
881,8.863114,0.284761,0.089845,0.175500,0.019028
882,8.853426,0.285940,0.089749,0.176746,0.019084
883,8.866810,0.284125,0.089032,0.175616,0.019093
884,8.849710,0.285150,0.089290,0.176249,0.019238
885,8.860319,0.285769,0.089763,0.176593,0.019025
886,8.866677,0.284204,0.089127,0.175453,0.019245
887,8.852810,0.284256,0.088947,0.175842,0.019072
888,8.854905,0.285672,0.089704,0.176473,0.019144
889,8.858824,0.285538,0.090225,0.175900,0.019059
890,8.886541,0.284110,0.089476,0.175119,0.019116
891,8.874679,0.285749,0.089733,0.176623,0.019039
892,8.879150,0.284212,0.089245,0.175566,0.019053
893,8.850891,0.284277,0.089564,0.175138,0.019176
894,8.848264,0.282155,0.087259,0.175420,0.019060
895,8.855789,0.284373,0.090581,0.174323,0.019077
896,8.850797,0.284623,0.089679,0.175329,0.019232
897,8.862906,0.286260,0.090139,0.176529,0.019204
898,8.860748,0.283979,0.089014,0.175383,0.019230
899,8.860222,0.283753,0.088492,0.175809,0.019057
900,8.862310,0.286065,0.091214,0.175294,0.019160
901,8.859324,0.283830,0.089236,0.175063,0.019138
902,8.864791,0.284845,0.089538,0.175788,0.019120
903,8.868277,0.285894,0.089635,0.176544,0.019326
904,8.863692,0.282700,0.086768,0.176484,0.019052
905,8.846087,0.285084,0.089283,0.175978,0.019390
906,8.858468,0.285960,0.090571,0.175793,0.019216
907,8.844661,0.288449,0.089944,0.178884,0.019226
908,8.854381,0.285068,0.089025,0.176463,0.019228
909,8.864013,0.284483,0.088615,0.176379,0.019088
910,8.839082,0.285715,0.090917,0.175414,0.019021
911,8.860036,0.283912,0.089192,0.175096,0.019232
912,8.854171,0.288978,0.089035,0.180498,0.019076
913,8.857211,0.284857,0.089916,0.175428,0.019122
914,8.853354,0.282395,0.086987,0.175786,0.019246
915,8.864835,0.284376,0.089769,0.175124,0.019075
916,8.852757,0.285832,0.090106,0.176181,0.019197
917,8.855295,0.284980,0.089419,0.176069,0.019100
918,8.855614,0.283636,0.088960,0.175059,0.019225
919,8.859256,0.285564,0.090073,0.176002,0.019098
920,8.867780,0.285886,0.090524,0.175743,0.019256
921,8.862239,0.283376,0.088572,0.175239,0.019170
922,8.861675,0.286128,0.090279,0.176217,0.019278
923,8.856643,0.285495,0.089499,0.176380,0.019226
924,8.857633,0.283586,0.088967,0.175215,0.019050
925,8.840227,0.283975,0.089179,0.175272,0.019128
926,8.861431,0.285381,0.089433,0.176547,0.019050
927,8.850392,0.284393,0.089505,0.175234,0.019266
928,8.856858,0.284965,0.089777,0.175567,0.019207
929,8.863354,0.285587,0.089644,0.176537,0.019015
930,8.860043,0.285184,0.089802,0.175357,0.019448
931,8.843497,0.286825,0.091321,0.175916,0.019201
932,8.841400,0.285610,0.090161,0.175940,0.019118
933,8.844742,0.283869,0.088798,0.175608,0.019075
934,8.855048,0.284175,0.089501,0.175143,0.019139
935,8.863607,0.283746,0.088629,0.175522,0.019212
936,8.852721,0.285236,0.090754,0.174914,0.019219
937,8.849729,0.283657,0.088828,0.175298,0.019152
938,8.848390,0.285980,0.090396,0.176053,0.019139
939,8.866426,0.283699,0.089187,0.175017,0.019115
940,8.852276,0.284289,0.088660,0.176171,0.019083
941,8.832638,0.285584,0.090926,0.175075,0.019206
942,8.833324,0.284790,0.089948,0.175370,0.019089
943,8.848244,0.283122,0.088737,0.174914,0.019089
944,8.850715,0.286369,0.090510,0.176388,0.019093
945,8.821254,0.285266,0.089844,0.175930,0.019117
946,8.846409,0.284428,0.090000,0.174987,0.019063
947,8.844489,0.285884,0.090803,0.175413,0.019280
948,8.860551,0.286610,0.090239,0.176907,0.019110
949,8.864712,0.283985,0.088926,0.175490,0.019192
950,8.863683,0.283977,0.088703,0.175821,0.019097
951,8.851796,0.285657,0.090674,0.175451,0.019154
952,8.844202,0.283648,0.088956,0.175249,0.019085
953,8.855686,0.284851,0.089988,0.175317,0.019193
954,8.866102,0.285924,0.089596,0.176781,0.019157
955,8.867080,0.282110,0.086524,0.176087,0.019155
956,8.872957,0.283613,0.088970,0.175039,0.019240
957,8.863135,0.284009,0.088817,0.175704,0.019096
958,8.834762,0.283776,0.089359,0.174833,0.019186
959,8.856508,0.286428,0.090525,0.176416,0.019141
960,8.845024,0.284872,0.089378,0.176055,0.019047
961,8.862061,0.284383,0.089124,0.175613,0.019255
962,8.872251,0.286104,0.091139,0.175540,0.019075
963,8.883049,0.287198,0.090909,0.176854,0.019082
964,8.862123,0.283932,0.089112,0.175156,0.019279
965,8.872500,0.283726,0.088840,0.175355,0.019150
966,8.865439,0.282723,0.087155,0.175967,0.019223
967,8.859644,0.284679,0.090074,0.175079,0.019172
968,8.857259,0.285033,0.089987,0.175510,0.019178
969,8.854209,0.289954,0.090208,0.180097,0.019238
970,8.853031,0.283656,0.088750,0.175425,0.019129
971,8.863894,0.284868,0.089140,0.176182,0.019138
972,8.858581,0.285112,0.090835,0.174796,0.019125
973,8.865256,0.284810,0.089416,0.175839,0.018996
974,8.846128,0.283154,0.088506,0.175150,0.019106
975,8.861312,0.285279,0.089656,0.176005,0.019264
976,8.851061,0.282482,0.086742,0.175951,0.019404
977,8.853728,0.282821,0.087814,0.175585,0.019075
978,8.866772,0.287193,0.091204,0.176670,0.018967
979,8.847288,0.283792,0.089185,0.175133,0.019121
980,8.851931,0.284290,0.088917,0.175742,0.019236
981,8.856142,0.285659,0.089618,0.176555,0.019124
982,8.867732,0.284813,0.090038,0.175194,0.019198
983,8.857673,0.283221,0.089240,0.174483,0.019088
984,8.839926,0.285758,0.089695,0.176634,0.019046
985,8.847336,0.284150,0.089049,0.175486,0.019223
986,8.864429,0.284648,0.089142,0.176005,0.019130
987,8.839293,0.283753,0.088528,0.175671,0.019182
988,8.849851,0.285217,0.090505,0.175252,0.019095
989,8.856634,0.284741,0.089478,0.175751,0.019117
990,8.834096,0.285063,0.089099,0.176512,0.019054
991,8.866331,0.284249,0.089138,0.175533,0.019191
992,8.865458,0.283820,0.089031,0.175329,0.019111
993,8.863595,0.285683,0.090595,0.175589,0.019115
994,8.842206,0.283960,0.089107,0.175320,0.019137
995,8.857116,0.284578,0.089588,0.175516,0.019083
996,8.865133,0.285682,0.089672,0.176401,0.019236
997,8.852074,0.282398,0.086592,0.176330,0.019088
998,8.845940,0.282135,0.087619,0.175020,0.019103
999,8.860038,0.286788,0.090776,0.176483,0.019149
1000,8.857300,0.283181,0.088782,0.174907,0.019115
1001,8.847516,0.285256,0.090068,0.175585,0.019220
1002,8.857194,0.285048,0.089508,0.175905,0.019265
1003,8.851381,0.284986,0.089491,0.175857,0.019242
1004,8.858060,0.284742,0.089935,0.175231,0.019180
1005,8.855721,0.285997,0.090088,0.176445,0.019088
1006,8.868438,0.283936,0.089551,0.175009,0.019031
1007,8.856166,0.283682,0.088658,0.175448,0.019197
1008,8.848233,0.282204,0.086809,0.175888,0.019111
1009,8.843605,0.284553,0.089743,0.175216,0.019245
1010,8.855083,0.285184,0.089171,0.176438,0.019182
1011,8.863706,0.283993,0.089176,0.175324,0.019105
1012,8.853057,0.284325,0.088884,0.175223,0.019699
1013,8.858315,0.285607,0.090388,0.175555,0.019192
1014,8.852999,0.284975,0.090382,0.175079,0.019119
1015,8.856631,0.283040,0.088851,0.174686,0.019124
1016,8.838239,0.285181,0.090071,0.175561,0.019170
1017,8.846663,0.283910,0.088840,0.175520,0.019155
1018,8.856058,0.283419,0.088872,0.175058,0.019105
1019,8.864202,0.283807,0.088634,0.175534,0.019257
1020,8.851410,0.285300,0.090814,0.175007,0.019122
1021,8.848482,0.284013,0.089721,0.174713,0.019181
1022,8.857767,0.285684,0.090329,0.175930,0.019051
